双隐层
	seq_len, nodeNum, lr, ep, eI.MSE, eI.RMSE
	9	3	0.001	29	0.007775509	0.088178848
	9	3	0.001	28	0.007934491	0.089075759

	
	6	6	0.1	3	0.002230632	0.047229563
	6	5	0.1	4	0.002725828	0.052209464

	2	7	0.3	1	0.002807961	0.052990199
	2	7	0.09	6	0.003734856	0.061113467

	17	15	0.03	13	0.001361171	0.036894054
	17	13	0.03	11	0.001370069	0.037014438
	18	15	0.03	14	0.001374148	0.037069508
	17	12	0.03	8	0.001377905	0.037120145
	20	24	0.01	4	0.001381032	0.037162242
	18	23	0.01	3	0.001381797	0.037172527
	18	22	0.01	3	0.001382209	0.037178076
	20	20	0.01	2	0.001387682	0.037251607
	19	23	0.01	4	0.001394782	0.037346786

单隐层
	11	19	0.009	25	0.001911113	0.043716281
	10	23	0.007	16	0.001926005	0.043886277
	10	17	0.01	27	0.001965041	0.044328782

３隐层
	6	7	0.2	20	0.00297155	0.054511927
	4	7	0.3	28	0.002975942	0.054552191
	3	8	0.5	24	0.00307494	0.055452142
	6	7	0.2	17	0.003120597	0.055862308
